11 25 25   25 14 09   09 12 12
11 11 15   25 14 04   04 14 06
40 11 15   03 15 09   09 14 06

40 08 08   03 15 12   12 38 38
40 40 40   40 11 11   38 38 38
40 15 15   13 06 04   04 38 38

40 17 07   13 06 13   13 10 06
17 17 07   26 04 15   15 10 06
17 26 26   26 04 11   11 12 12 -1


11 26 26   26 13 13   08 08 06
11 12 07   26 04 24   24 24 06
16 12 07   26 04 15   15 07 07

16 06 07   17 17 15   15 17 17
14 06 29   29 29 29   29 12 17
14 14 21   21 08 08   10 12 06

07 07 21   21 14 18   10 14 06
09 18 18   18 14 18   10 14 16
09 07 07   13 13 18   18 18 16 -1


13 21 17   17 12 12   07 07 20
13 21 21   21 21 17   17 15 20
10 10 04   06 21 11   15 15 20

39 39 04   06 23 11   15 35 20
39 39 39   23 23 23   35 35 35
11 39 24   16 23 09   08 35 35

11 24 24   16 32 09   08 05 05
11 24 12   12 32 32   32 32 13
11 07 07   03 03 15   15 32 13 -1


19 19 19   03 03 16   17 17 06
11 11 12   20 20 16   09 17 06
07 04 12   07 20 16   09 13 13

07 04 19   07 24 22   22 22 22
19 19 19   24 24 24   23 23 23
25 25 25   25 24 06   23 09 12

12 12 10   20 18 06   05 09 12
14 09 10   20 18 18   05 10 10
14 09 09   20 05 05   18 18 18 -1


18 14 12   12 10 10   05 05 16
18 14 11   11 24 08   08 07 16
18 06 06   24 24 06   17 07 10

18 36 06   10 10 06   17 23 10
36 36 36   36 36 23   23 23 23
20 36 11   05 05 16   13 23 10

20 11 11   14 14 16   13 16 10
20 08 17   17 14 10   10 16 08
20 08 10   10 05 05   09 09 08 -1


18 18 18   18 13 13   11 15 15
22 22 09   09 25 25   11 11 15
22 22 11   06 25 25   09 13 14

07 16 11   06 37 37   09 13 14
07 16 16   37 37 37   12 12 08
11 08 05   37 37 05   11 12 08

11 08 05   26 26 05   11 28 28
15 19 19   26 26 03   03 28 28
15 15 19   07 07 21   21 21 21 -1


20 34 34   34 34 34   34 09 24
20 20 09   09 12 12   06 09 24
20 20 16   06 06 10   06 11 24

10 12 16   23 23 10   16 11 24
10 12 06   06 23 16   16 14 11
29 04 06   15 23 23   12 14 11

29 04 14   15 06 06   12 15 15
29 06 14   12 12 16   16 15 15
29 06 27   27 27 27   27 27 15 -1


05 05 21   21 13 25   25 25 13
19 19 14   21 13 25   25 17 13
19 19 14   04 04 03   16 17 09

15 15 15   35 35 03   16 17 09
21 15 17   35 35 35   16 22 09
21 16 17   14 35 35   22 22 22

21 16 17   14 05 05   07 28 28
11 16 15   15 13 23   07 28 28
11 15 15   15 13 23   23 04 04 -1


10 10 16   16 06 06   22 15 15
12 10 10   11 11 15   22 22 15
12 34 12   12 21 15   04 17 15

14 34 21   21 21 15   04 17 17
14 34 34   27 27 27   27 27 27
14 34 15   15 15 13   08 24 24

15 34 08   08 15 13   08 24 20
15 18 18   17 17 13   15 15 20
18 18 11   11 05 05   15 20 20 -1


18 20 20   20 22 11   11 11 23
18 18 18   10 22 22   04 14 23
13 12 11   10 09 09   04 14 23

13 12 11   06 06 07   07 16 23
10 10 11   20 20 20   18 16 16
16 10 06   06 14 14   18 03 13

16 15 10   04 04 09   18 03 13
16 15 10   21 21 09   15 15 15
16 18 18   18 21 17   17 17 15 -1